3,2
3,1
3,3
10,120
10,110
10,144
10,116
10,82
9,6
9,4
8,9
8,16
8,12
8,14
8,4
8,17
8,2
8,3
46,3
46,2
46,1
46,0
45,5
45,4
45,3
45,2
45,1
45,0
44,3
44,2
44,1
44,0
20,3
20,2
20,1
19,3
19,2
19,1
12,3
12,2
12,1
11,29
11,28
11,27
11,26
11,25
11,24
11,23
11,22
11,21
11,20
11,18
11,17
11,16
11,15
11,14
11,12
11,11
11,10
11,8
11,7
11,6
11,5
11,4
11,3
11,2
11,1
10,311
10,310
18,1
10,309
18,3
10,307
10,306
10,302
10,300
10,299
10,296
10,292
14,1
10,290
14,3
13,1
10,288
13,3
10,285
10,284
10,283
10,279
10,278
10,274
10,272
10,270
